%YAML:1.0
---
model_type: PINHOLE
camera_name: camera
image_width: 1024
image_height: 768
distortion_parameters:
   k1: -9.58003029e-02
   k2: 8.74120295e-02
   p1: 2.08094658e-04
   p2: -1.08567670e-04
projection_parameters:
   fx: 6.04799866e+02
   fy: 6.04625610e+02
   cx: 5.17844666e+02
   cy: 3.89209320e+02
